Metabolite	WT-1	WT-2	WT-3	WT-4	WT-5	WT-6	WT-7	WT-8	WT-9	WT-10	WT-11	WT-12	WT-13	WT-14	WT-15	WT-16	WT-17	tt4-1	tt4-2	tt4-3	tt4-4	tt4-5	tt4-6	tt4-7	tt4-8	tt4-9	tt4-10	tt4-11	tt4-12	tt4-13	tt4-14	tt4-15	tt4-16	tt4-17	tt4-18	tt4-19	tt4-20	mto1-1	mto1-2	mto1-3	mto1-4	mto1-5	mto1-6	mto1-7	mto1-8	mto1-9	mto1-10	mto1-11	mto1-12	mto1-13	mto1-14	mto1-15	mto1-16
PR_MST_1046.94_	330.5	257.2	296.2	355.5	214.1	333.3	327	302.9	388.3	333.3	413	376.6	299.8	298.2	407.9	340.9	406.5	394.9	456.7	290.9	337.7	495.7	416.6	400.4	488.9	414.2	552.9	410.2	401.4	483.7	347.5	432.8	366.1	299.1	298.7	338.3	377	319	356.6	288	308.7	434.5	434.1	404.8	413.8	390.5	311.3	314.7	373.2	424.3	319.4	330.2	383.6
1048.88_LacA_2TMS	154.5	112.6	138.5	125.4	147.7	112.7	123.8	128.3	94	262.4	131.3	195.7	966.1	322.7	554.7	92.4	140.9	104.2	112.1	168.7	158.2	158.8	120.9	95	223.2	110.5	118.4	87.4	114.2	123.2	129.7	79.6	93.5	127	89.6	78	120.7	160	133.9	154.5	115.9	138.8	208.5	108.3	98.4	139.7	143.6	104.5	120.8	136.3	139.2	163.8	110.1
1066.95_GlycolicA_2TMS	60.7	57.3	71	48.5	74.5	64.3	52.8	53.6	43.6	58.2	64.2	68.5	64.8	86.2	67.9	56.6	59.5	33.4	42.1	49.3	56.2	49.2	64.2	61.4	41.9	53	36.7	48.2	48.2	38.6	61.9	50.1	35.6	57.1	58.5	47	37.2	52.1	52.3	58.7	43.1	27.8	43.8	59.6	41.3	35.2	57.4	58.5	52.4	45.1	50.2	58.7	59.9
1096.93_Ala_2TMS	133.5	186.2	161.4	137.4	144.3	123.9	44.2	104.9	70.4	9.1	26.1	53.8	33.2	106.9	106.9	83.7	27.2	24.3	69.3	60.7	39.8	10.1	79	21.9	45.9	22	54.7	76.5	19.2	18.7	99.9	87.1	72.3	104.5	108.2	75.4	54.8	133.6	101.3	165.2	106.9	77.3	65.9	132.6	103.6	71.7	44.3	66.9	47.1	62.1	65.9	80.3	44.3
PR_MST_1105.12_	112.8	145.3	136	75.3	109.6	132.8	153.1	177	135	56.8	122.6	124.6	160.4	156.2	156.4	145.6	79	141.9	156.2	167.8	132.6	79	103.2	131.5	126.1	120	152	182.8	136.7	116.3	156.4	162.1	172.5	173.1	196.3	155.1	189.9	121.5	96.1	148.6	129.1	123.2	62.1	80.6	82.6	130.4	108	127.9	105.7	61.6	129	93.8	80
1115.8_Gly_2TMS	4.3	7.6	4.4	4.3	5	3.9	2.3	3.4	2.3	0	0.4	1.4	0.7	4.1	4.5	5	0.2	0	2.5	1.6	1	0	3.5	0	1.3	0	1.7	2.2	0	0	4.9	2.2	2.7	4.5	5.1	4.9	2.3	3.8	4.4	6.5	5.8	2.6	3.2	3.4	4.1	3.4	1.8	3.2	1.9	2.3	2.7	4.2	1.3
1125.05_OxA_2TMS	9.8	13.4	11.7	5.5	18.7	7.5	6.6	10.7	8.4	0	8.4	11.5	13.2	14.9	6.9	7.2	8.9	8	7.7	16.8	11.5	3.2	9.1	9.5	5.4	11.5	7.2	12.2	17.9	3	9.6	6.3	5	13.4	14.5	6.3	10.7	7.9	4.6	9.5	3.7	4.1	6.5	5.6	3.9	3.2	9.8	3.3	7.5	6	8.5	0.7	7.3
1135.99_Duracil_2TMS	125	104.5	124.7	118.3	95.9	114.5	125.7	152	116.1	101.8	120.5	111.6	107.4	116.1	146.4	109.4	117.7	116.7	139.3	117.7	109.9	162.4	114.1	108.9	131.6	116.3	131.1	108.7	115.2	139.5	120.2	141.4	127.2	109.6	120.1	100.8	126.1	105.1	105.8	105.6	120.7	109.2	93.7	100.1	94.7	102.2	92.5	94.4	93.3	95.7	83	47.1	88.7
PR_MST_1140.71_	92.5	102.7	95.9	84.9	93.7	90	96.1	95.5	99.1	81.7	90.1	94.2	93.3	101.5	88.2	90.1	88.3	94.9	95.1	106.5	77.9	65.8	74.2	79.1	77.5	79.1	75.5	81.9	85.7	80.7	89.5	83.7	86.2	85.3	97.2	85.3	86.4	80.8	75.9	88.1	84.9	77.2	73.4	80.5	79	77	77	75.3	74.4	69.7	83	69.3	81.2
PR_MST_1170.23_	292.4	172.1	231.9	295	143.5	270.2	258.8	221.9	347.4	277.7	338.2	300.1	204.4	189.3	360.6	307.4	349.5	321.9	412.6	192.9	254.5	459.4	359.6	335.2	469.1	297	438.8	303.9	310	364.5	251.9	404.3	284.2	193.4	195.9	237.3	270.4	230.4	262.8	202.8	235	416	426.7	391.4	376.5	346.5	240.1	244.2	331.3	390.4	239.9	287.6	331.7
1209.77_Val_2TMS	147.4	197.1	156.4	126.8	170.9	149.2	129.2	151.2	125	61.1	92.7	119.3	111.3	123	116.7	125.6	117.3	115.8	126.9	157.9	126.5	78.7	150.9	118.7	108.9	123.5	108.3	116.7	94.9	35.2	125.6	103.8	95.9	123.7	129.4	116.2	97.7	165.2	154.5	215.3	158.3	124.9	132.2	165.6	148.2	99.6	124.3	108.9	120.4	107.6	121.4	116.9	130.6
1232.72_Urea_2TMS	14.3	23.6	13.6	17.1	20.9	18.5	15.3	15.6	12.3	1.5	7.7	11.5	12.5	16.9	13.5	17.5	8.9	11.3	24.1	18	12.6	2.3	15.7	8	10.9	9.5	18.6	22.7	9	0.5	18.1	8.7	16.9	21.4	17.8	18.3	15.3	25.9	24.1	31.2	19.2	19.8	13	15.9	17	16.1	16.6	16	16.4	13.7	12	12.9	10.8
1249.2_BA_1TMS	21.1	24.4	19.7	24.7	28.7	17	16.6	16.3	16.1	16.5	16.4	20.4	21.5	29.4	20.3	16.4	17.6	14.6	14.3	22.1	17.2	13.3	18.5	14.8	13.6	16.9	15.3	18.7	23.7	13.7	19.3	13.6	12.2	18.9	17.5	16.6	14.2	19.8	22	21.8	18.3	15.5	20.9	18.1	15.7	13.6	21.4	19.1	17.8	19.8	19	16.3	16.9
1262.93_EA_3TMS	134.9	205	130.4	139.7	160.8	113.2	115	114.4	114.1	109.5	100.1	118.9	128.2	154.5	133.2	99.7	111	131.5	120.7	141.1	139.4	138.3	158.8	135.1	122.2	127.7	125.4	182.7	111.6	112.1	153.6	139.7	113.8	164.8	150.3	119.3	95.3	132.3	410.5	323.1	140	153.9	315.8	179.1	139.4	101	127.9	141.9	162.6	139.7	131.9	127.3	136.1
1264.86_P_3TMS	3107.7	3450.8	3058.4	2987	3541.5	3032.5	3255.8	2431.5	3033.2	3140.1	3412.4	3566.7	3174.8	3250.4	3264.1	3040.5	3055.5	2763.3	2383.4	3206.2	3338.3	3114.1	3904.4	3458.3	3117.3	3212.4	2903.9	3087.3	2918.5	2572.3	3490.5	2683	2657.1	3107.2	3440.8	3105.1	2811.3	2453.4	2862.7	2798	2655.5	1976.5	2883.4	2391.6	2307.8	2122.3	2863.2	2445.9	2540	2467.1	2749.8	2683.5	3060.8
1265.96_Leu_2TMS	132.7	135.1	142.7	110.4	129.2	117.1	124.7	118.3	118.3	69.3	92.3	109.2	106.1	105.7	108	108.6	109.5	103.4	97.3	148.1	126	96.6	149.6	121.3	105.3	118.4	100.1	91.5	90.2	44.4	112.7	82.6	74.3	106.3	111.9	108	90.9	121.9	179.3	179.8	132.7	95.4	137.7	124.5	123.6	84.5	117.7	106.8	121.2	102.4	119.2	117	130.9
1287.1_Ile_2TMS	62.7	81.5	67.4	52.1	70.2	61.4	58.2	65.1	52.7	38.9	41.7	51.1	47.1	48.7	50.6	49.5	53.4	50.9	51.4	70.9	57.5	51.6	71.9	57.4	50.1	59.3	51	46.4	44.8	35.6	56.1	42.7	42.2	55.2	54.6	52.3	44.6	68.3	71.2	98.9	70.4	52	61.5	70.4	62.8	43	53.5	48.3	52.6	48.5	52.7	51.2	58.4
1294.7_Pro_2TMS	1425.5	1750	1475	1302.7	1537.3	1547.8	1492.9	1707.1	1446.6	1175.6	1404.5	1375.7	1521.6	1802.5	1310.5	1444.3	1430.1	1389.8	1443.5	1649.9	1416.2	1042.8	1467.4	1424.7	1379.2	1440.7	1422.5	1490	1471.8	679.5	1571.8	1272.9	1394.3	1489.6	1666.7	1423.2	1458.4	1552.3	1452.2	1617.7	1403.1	1228.5	1377.1	1486.7	1312.2	1339.9	1580.2	1473.6	1480.9	1221.1	1625.9	1226.9	1365
1295.41_NicA_1TMS	112.1	115.1	136.3	103.5	160.4	113.3	115.7	76.6	107.2	124.9	132.2	139.6	122.8	154.9	100	102.3	113.6	101.4	81.1	141.9	137	107.7	146.4	135.6	113.7	132.9	117.9	134.8	124.9	113.9	138.5	87.4	105.6	121.7	136.3	136.4	102.9	111.6	137.6	132.6	105.1	74.4	110.3	91	88.4	78.6	135.6	106.9	107.1	91	115.5	111.9	105.1
1301.65_Gly_3TMS	334.4	350.7	423.4	240.1	338.3	370.9	203.8	301.1	202.6	278.6	297.2	266.3	255.3	354.2	332.9	254.5	264.2	184.1	242.2	255.6	237.9	207.9	278.1	216.7	207.1	221.9	178	241	191.6	172.7	240.2	237.4	167.2	194	257.1	186.6	166.9	359.2	326.5	429.5	267.6	245	298.1	445.6	296.7	188.5	290.8	267	376.1	220	277.5	294.7	280.9
1306.16_SucA_2TMS	1749.9	1698.6	1851.8	1541.3	1754	1788.6	1648.1	1666.9	1634.9	1721.4	1769.6	1668.9	1708.7	1898.1	1568.7	1656	1614.4	1576	1638.1	1728.6	1664.9	1545.6	1699.7	1688.9	1630.6	1686.5	1612.3	1662.4	1779	1114	1815.9	1550.5	1581.2	1618	1763.3	1582.2	1611.7	1634.8	1633	1717	1560.4	1538	1535	1617.3	1524.3	1498.7	1621.1	1583.8	1598.2	1503.9	1651.1	1386.5	1563.9
1319.36_GlycA_3TMS	152.6	117.6	112.6	138.8	119.8	107.4	80.5	101.7	104.1	85	91.4	114.1	86.6	100.1	98.2	99.1	99.9	83.4	73.7	114.8	97.3	96.7	127.2	111.3	83.1	117.8	86.3	97.3	83.8	67.3	96.4	79.6	79.1	96.3	99.6	94.8	84.8	104.3	106.5	108.1	89.7	70	107.5	109.5	80.5	70.5	111.1	85.2	123.3	82.2	127.8	101.7	119.9
1330.55_MST_1358.9	19.9	18	16.8	15.3	14.3	16.4	14.6	13.1	18.6	13.8	12.4	15.2	11.6	13.6	14	14.5	14.4	16.9	15.2	17.3	14.6	14.9	15.9	14.6	17.7	12.6	13.5	14.1	14.2	16.5	19.4	21.2	18.9	18.8	21.1	17.2	16.6	16.5	18.8	15.6	21.7	20	20.5	25.4	22.9	16.3	12.9	14.4	13.5	16.7	14.5	17.8	19.1
1342.38_FumA_2TMS	39.3	25.3	28.3	19.1	37.5	28.4	21.1	21	19.6	21.8	23.9	23.1	26.5	32	22.6	21.3	20	20.4	16.8	25.1	24.9	18.4	29.4	23.2	18.4	23.4	17.9	24.4	31.6	17.7	24.5	21.9	17	25	24.7	17.6	15.9	25.9	28.6	30.2	23.5	20.9	24.9	29.6	20.8	15.1	25.4	21.1	22.8	18.9	21.7	20.8	20.4
1350.86_Ser_3TMS	1860	1601.6	2348.4	1407.8	2193.8	1952.6	1526.5	1647.5	1427	1695.7	2065.6	1972.6	1678.4	2188.5	2066.1	1750.5	2009	1449.3	1334.5	1698.9	1699.2	1371.2	2196.6	1664.4	1537.1	1675.1	1385.8	1745.5	1616.9	1278.4	1697.1	1447	1472.8	1504	1876.4	1578.1	1388	2157.4	2444.9	3134.3	2214	1815.4	2231.6	2013.2	2065.4	1355.2	2100.6	1798.8	2891.1	1558.9	1776	1967.8	1885.6
1364.27_PIP_2TMS	48.3	27.9	38.8	30.7	35.7	30.1	27.1	25.9	14.5	17.6	26.3	34.2	31.5	32.7	37.7	10.1	15.5	9.3	9.5	23.5	30.9	4.1	32.7	26.6	32.2	15.7	20.1	15.6	19	10.2	32.1	24.9	15	20.2	36.6	17.5	17.2	0.5	13.1	7	0.8	0.1	19.5	8.2	0	1.9	12.5	15.1	11.6	11.6	13.3	14.2	0.8
1370.05_ThrAL_2TMS	39.2	33.9	37.8	27.7	34.8	35.6	28	26.5	31.8	24.5	28.3	35.9	27.9	32.3	25.4	30.8	32.1	32.3	23.7	32	33.2	30.1	43.1	39.7	32.5	34.8	32.3	33.7	32.9	30.2	35.7	33.1	25.3	28.2	32.6	30.5	26.3	17.5	33.4	19.4	23.1	13.1	22.5	27.9	22.7	16	25.2	20.4	20.2	21.2	20.9	29.6	22.1
1376_Thr_3TMS	487.5	533	555.2	387.6	554.7	507	383.3	467.4	406.7	364.7	386.1	437.2	373.3	423.5	402.9	431.3	446	419.8	389.9	495.2	406.7	378	525.7	409.9	355.3	435.8	336	406	371.3	299.8	394.9	336.9	337.6	395	433.9	360.1	302	370.8	377.3	448.9	365.7	306.2	350.2	389.5	365.6	224.2	311.6	252.4	326.6	261.5	283	301.4	325.5
1385.03_OAS_2TMS	15.9	16.7	14.2	13.6	17.5	13.9	13.7	12.8	12.7	15	16.5	15.4	16.4	17.7	17.9	14	14.2	12.3	11.4	13.8	13.5	12.5	18.3	15.2	14.4	11.8	11.1	14.2	10.2	10.4	13.4	10.8	10.4	13.9	13.8	11.1	9.8	13.8	15.6	15.9	13.6	10.4	14.9	14.8	11.7	10.5	12.1	14.8	15	13.3	14.7	12.7	13.2
1395.87_GlutaricA_2TMS	11.5	8.1	15.7	10.5	15	10.5	10	8.4	10.2	15.1	13.2	15.5	10.4	14.1	13.5	9	11.4	4.4	3.4	7.6	12.7	9.4	15.4	13.3	11.1	10.6	6.6	7.5	8.2	7	8.3	10.3	6.8	6.3	10.1	6.5	6.1	6.4	24.1	10.4	6.1	5.6	12	10	5.8	5.2	10.5	9.1	12.2	7.5	9.5	13.1	8.7
1399.5_MST_1419.4	68.3	61.3	72.4	54.6	80.8	70.8	53	51.2	48.4	62.5	66.1	63.4	60.5	75.7	64.8	57.1	56.4	44	42.5	55.2	59.7	49.2	74.1	64	53.9	50	41.9	52.8	45.1	41.3	51.3	51.4	40.3	48	55.4	44.8	36.6	57.4	65.7	62.9	56.2	44.9	66.7	64.6	47.3	39.2	67.6	59.1	69.2	49.9	56.8	66.1	60.2
1422.77_b-Ala_3TMS	261.8	324.5	318.5	272.9	383.4	320.9	234.7	270.5	229	231.2	229.2	277.5	266.2	290.7	260.4	259.8	256.7	214.2	206.6	322.6	256.5	226.8	309.1	255	213.4	263.5	190.6	247.3	210.1	158.6	218.1	171.1	178.7	238.2	248.1	201.6	168.3	266.2	313	284.9	253.7	178.5	242.9	300.2	219.1	164.4	245.9	191.7	211.5	161.1	215.9	228.5	250.9
1453.7_MST_1479.3	25.6	19.5	24.5	23.1	23.1	16.1	15.8	14.7	18.4	14.1	15.1	20	15.2	21.7	17.9	13.2	14.9	14	8.3	16.6	17.8	14.4	23.6	16.4	13.9	15.4	13.3	14.3	12.9	13.9	14.3	9.9	11.2	13.7	13.5	12	11.1	10.6	12.8	9.1	10.9	5.4	11	10.8	8.5	8	16	14.1	9.5	16.7	11.1	11.6	9.7
1455.8_MST_1458.5	3.9	7.8	4	3.7	5.1	5.8	3.7	5.8	4.1	3.4	3.4	3.6	4.2	4.7	3.7	4.5	4.3	4.5	5.4	4.7	4.5	4	5.6	4.6	3.5	4.4	4.1	5.2	3.9	2.6	3.7	2.7	3	5	3.8	3.5	3.7	7.1	6	7	4.9	4.1	4	5.9	4.2	3.7	4.3	3.2	4.3	3.3	4.4	2.9	4.1
PR_MST_1458.86_	26.2	19.2	19	23	16.3	14.8	19.9	18.1	19.6	21.4	19.2	18.1	13.1	17.9	24.2	16.6	18.1	13.8	14.4	15.5	18.3	20	24.3	17.6	21	15.3	14.8	14.8	7.3	18.5	18.2	22.6	14	16.7	19.5	16.8	13.7	13.1	14.8	18.4	16.9	14.9	18.4	16.2	17.4	14.4	15.3	14.9	13.7	18.4	15.5	14.4	21.3
PR_MST_1463.08_	26.7	20.2	23.6	23.6	18.3	18.4	15.4	14.8	16.9	14.7	14	18.3	13.6	14.3	20.9	13.7	15.6	15.7	12.8	13.5	12.2	19.5	17.7	14.1	14.9	14.7	12.2	13.3	12.9	12.3	16.1	20	12	10.9	16.7	12.6	11.4	14.7	9	17.1	14.1	15.7	16.4	23.9	18.4	9.4	13.1	15.9	13.4	16.7	10.2	15.6	13.6
1464.91_MST_1480.5	86.5	69.3	88.3	57.3	74.5	46.6	32	31.4	43.9	31.8	33	55.4	29.9	49.9	39.4	35.5	44	27.1	15.7	38.9	42.1	26.3	49.5	31.4	24.7	32	22.4	22.6	24.5	30.5	30.2	25.2	15.7	24.7	25.5	20.4	14.3	16.1	27.6	17.3	20.5	8.9	14.8	20.7	17.8	8.6	26	17.7	15.7	27.3	13.2	23.3	13.6
1466.78_MST_1478.4	26	39	21.9	28	9.8	22.4	11.8	27	14.8	11.7	10.2	11	6.9	10.4	19.2	15.5	12.7	12.3	23.5	9.8	5.5	6.4	7.7	7	6.8	5.5	5	9.5	3.8	6.3	9.5	24.7	9.6	7.2	10.7	10.5	8.3	15.7	17.7	21.1	17.9	25.7	15.6	26.9	23.1	10.5	9.8	14	14.4	14	11.3	24.7	18.2
1475.64_MalA_3TMS	707.8	624.6	631.8	523.5	763.6	755.4	574	484.5	710.8	507.1	572.2	695.2	543.1	592.9	527.6	639.9	700.1	627.3	511.4	680.9	624.2	624	779.4	689.3	519.6	647.4	546.2	576.6	584.6	454.7	620.5	551.4	508.4	640.6	605.9	548.1	426	697.4	709.8	722.3	692.5	656.1	756.9	738.4	686.5	440.1	647.5	526	754.8	512.7	487.8	625.9	581
1484.05_sumoC4	22.8	27.9	27.1	19.7	31.1	23.5	22.4	20	23.7	27.4	22.3	27.1	24.9	29.2	23.9	24.9	26	19.3	17.8	24.1	29.1	21.2	33.8	26.5	22.5	26.5	25.5	28.2	21.8	23	28.2	13.7	20.3	24.6	24.3	22.4	18.9	21.2	27	24.6	22.1	14.9	22.4	19.8	17.8	11.6	22.1	19.9	20.6	18.4	17.5	20.4	17.7
1492.15_Ery_4TMS	52.4	58.1	44.2	54.7	44.1	53.2	36	40.8	41.4	30.3	33.4	36.5	28.6	38.1	53.3	45.4	36.4	37.9	40.7	34.7	31.6	31.4	46.3	33.7	31.5	28.4	27.5	39	23.6	23.9	35.6	34.8	40.1	28.9	37.3	37.5	30.2	50.7	58.1	64.8	48.8	58.1	51	42.8	56.3	34.6	36.5	37.6	50.1	34.2	33.9	60.5	37.4
1493.65_Threitol_3TMS	12.1	8.2	14.6	9.7	25.1	12.5	16.7	7.6	10.9	19.3	20.7	15.7	19.6	21.7	12	13.7	13.5	8.1	5.6	13.9	15.1	11.6	16.1	18.3	15.1	15.1	9.8	11.6	12.2	9.5	10.5	8.9	8.1	11.2	9.2	9.2	8.1	12.2	14.8	11.2	11.3	5	16	10.6	5.9	7	20.9	15.5	18.2	11.4	13.8	13.2	13
1498.69_MST_1508.3	106.6	186.7	109.1	93.8	72.8	117.8	61	107.9	82.3	69.4	63.6	72	54.1	64.6	77.9	105.2	95.8	136.6	251.8	84	65.9	89.4	100.3	73.5	63.1	76.6	67	107.3	52.3	45.5	64.4	73.2	62.8	53.6	65.5	63.9	51.8	207	101.4	201.7	149.9	200.3	87.8	151.8	213.5	71.6	59.1	49.2	103.3	69.8	58.4	71.1	92.9
1505.99_SalA_2TMS	957.2	1006.3	989.7	941.6	995.1	967.1	944.1	989.3	949.1	925.7	921.5	959.7	933	956.5	847.4	905.1	944.5	930.4	986.9	1004.9	948.3	909.7	963.3	923.9	897.4	953.6	877.4	918.9	976.5	701.3	956.3	851.9	856.4	967.9	971.3	879.3	896	968	951.3	1013.4	978.6	957.9	935.2	945.7	948.7	897.6	928.1	910.9	923.9	899.6	912.2	806	905
1508.5_Asp_3TMS	228.6	426	246.3	200.8	252.6	299.7	177.2	237.4	228.3	163.8	163.7	218.9	180.6	201.7	163	235.5	224.7	242.7	244.1	227.4	202.7	186.2	234.1	209.9	171.4	222.9	183.4	241.7	206.6	170.7	225.7	198	183.7	215.8	220.3	190.2	165.3	313.3	202.9	324	247.4	216.3	198	304.8	242.8	151.8	183.7	151	171.7	178.3	175.4	185.2	196.4
1514.69_Met_2TMS	12.1	16.5	11.7	9.9	10.8	10.9	8.2	9.5	8.8	7.9	7.8	8.9	7.8	8.9	9.4	8.2	10.1	8.8	8.2	9.7	8.5	8.3	10.1	8.6	6.9	8.4	7.6	8.2	6.7	7.1	8.6	9.4	6.8	7.6	9.2	7.3	7.2	86.7	51.3	101.4	50.5	51.2	50	96.8	61.9	46.4	61.2	52.9	59.5	47.1	52.7	48.6	65.9
1519.68_pGlu_2TMS	1906.4	5208.8	2320.7	1946.1	1970.1	2887.6	1349.9	2856.6	1583.6	1491.6	1468.7	1632.9	1485.2	1753.8	1575.6	2030.8	1832.4	2271	3536	1794.4	1523	1558.7	1748.3	1579.2	1334	1521.4	1370.9	2812	1374.1	1215.8	1625.1	1657.2	1430.5	1412.5	1618	1444.6	1196.4	3252	1849.1	3551.7	2328.2	2524.9	1586.5	3017.1	2507.4	1274.6	1564.8	1278.6	1691.6	1482.1	1584.5	1436.9	1759.6
PR_MST_1523.91_	105	59.3	90.7	90.1	75.2	92.2	69.7	70.8	119	93.4	98.2	102.7	83.1	89.3	87.5	100.1	101.5	88.5	91.1	83.4	79.3	83.4	90.7	91.9	81.9	85.9	77	72.8	67.2	82.5	93.8	99.9	92.1	76.4	98.5	101.8	88.5	82.1	80.2	75.8	90.5	104.4	77.6	83.6	103.8	92.5	87.2	94	110.5	88.7	87.6	73.6	107.7
1525.51_GABA_3TMS	655.4	988.6	760.7	600.6	790.4	707.9	402.4	541.2	477.3	379.3	367.1	537.7	401.2	474.9	478.6	495.5	560.9	533.4	700.6	620.8	480.6	470.2	538.4	430.6	359.7	456.7	386.4	595.1	408.5	308.7	482.4	460.3	392.3	497.7	486.4	401.8	306.5	781.4	631.4	757	627.2	578.5	500.4	866	649.8	387.6	441.4	382.4	507.3	462.7	369.4	438.7	488.7
PR_MST_1542.64_	60.1	58.3	74	55.7	84.8	65.7	43.2	53.1	37.6	60.3	59.3	48.7	48.2	71.2	63.1	50.1	43.6	33.4	38.7	40.5	47.2	39.9	55.8	44.5	42.6	33.7	27.5	50	30.8	32.7	33.8	33.9	33.7	31.3	40.9	27.5	26.8	72.2	69.4	72.2	51.9	56.8	66.5	59.5	45.2	29.7	58.3	53.3	66.5	39.4	50.2	56.1	45.8
1543.56_ThrA_4TMS	216.3	160.8	208.1	132.4	180.1	128.5	98.5	76.8	116.6	103.8	112.5	136	98.8	127.8	113.5	108.7	114.6	92.7	55.2	110.6	124.2	87.5	151.4	123.1	102	97.7	83.6	83.5	86.8	83.9	103.7	93.6	65.1	81.4	95.6	77.3	60.9	68.6	77.3	65.8	79.2	40.2	80.2	91.5	69.3	48.6	104.3	83.9	90.9	87.8	72.5	111.1	71.6
PR_MST_1551.86_	27	24.7	21.9	24.3	19.6	20.7	21.1	22.7	25.7	17.9	19.8	19.6	15.3	17.9	25.4	23.1	24.1	17.1	21	17.3	15.6	21.4	22.5	17.4	16.6	15.8	14.9	15.1	12.4	17.5	16.1	24.7	16.5	16.4	16.2	20.1	15.9	14.6	28.7	20.6	19.7	20.9	21.3	21.5	21.7	19.5	19.4	19.3	19.5	22.4	17.1	21.5	24.5
1553.02_MST_1588.3	16.3	40.8	21.6	13.5	15.2	19.8	10	21.6	11.1	10.3	9.5	11.5	9.9	12.1	10.1	13.7	13.3	22.3	38.7	16.4	11.7	10.5	12.4	10.2	8.4	12.8	9.1	17.1	9	9.7	10.3	9.4	9.7	9.2	11.7	8.6	8.6	39.5	12.5	33.9	23.2	27.8	8.2	20.7	24.6	9.7	8.8	6.3	12.1	7.9	9.3	7.1	10.2
1561.6_2-hGlutaricA_3TMS	4	4.1	3.8	2.9	4.4	4.2	2.7	3	2.8	3.4	3.5	3.4	3.2	3.5	3.4	3.4	3.2	2.7	2.5	3.1	3.3	2.9	4.2	3.6	2.9	3.2	2.3	2.9	2.2	2.3	2.6	2.6	2.3	2.1	3	2.3	1.8	4	3.4	3.6	3.4	3.3	4.1	4	3	2	3.5	3.1	4.4	2.8	2.7	3.8	3.5
1562.52_a-KG_2TMS	31.7	33.6	30.6	26.5	40.5	36.1	27.4	30.6	31.1	30.5	32.9	36.3	30.6	33.5	30.6	33.4	34.2	26.2	23.6	29.8	32.3	30	41.9	35	24.3	32.6	23.2	28.5	26.6	21.3	28.3	21.5	22.1	27.3	29.5	25	20	35.5	30.6	38	28.8	26.3	32	31	25.7	20	31.6	24.3	34.4	22.2	23.9	27.9	30
1571.75_MST_1585.2	19.1	12.1	17.6	16.5	20	12.9	14.6	12	17.3	15	15	23.7	15.7	15.5	16.2	12.8	16.8	12.2	7.7	16.7	18.1	16.8	25.7	23.4	18.4	19.9	19.2	17.3	18.2	14.7	20.8	15.7	11.5	16	18.6	19.1	14.3	7.8	12.7	9.5	10.1	5.4	13.7	12.2	10.4	10.6	14	12.1	12.5	12.5	10.8	17.8	13.1
1577.13_MST_1594.8	103.2	55.2	75.3	94.3	44	81.6	65.5	68	98.3	75.9	85.1	81.6	52.2	55.5	94	82.9	100.2	75.3	104.3	49.7	68	117.1	107.5	90.2	109.6	79.1	102.8	74.9	68.5	61.5	65.3	94	68.3	49.6	54	58	65.3	68.1	73.1	55.9	64.8	105.1	121	130.7	101.4	84.6	70.5	74.3	82.5	107.4	59.9	79	88.7
1585.84_MST_1596.8	69.1	214.8	70.8	76.8	27.2	97.3	30.7	104.9	51.7	33.5	41.7	50.6	25	38.8	79.5	80	69.6	77.5	226.5	30.5	37.6	48.7	82	52.8	50	27.8	43.7	117.8	21.1	17.6	31.4	64.2	34.8	22.8	32.1	31.6	21.4	111.7	57.9	137.2	70.7	124.8	75.6	194	126.9	34.2	40.1	31.5	55.9	58	38	50	67.9
1607.52_Glu_3TMS	614.8	951	686.1	612.1	697.4	716.8	602.2	708	631.1	575.2	556	612.9	610.6	644.2	515.9	644.3	603.1	622.9	640.8	655.4	581.6	513.2	571.1	575.6	530.8	597.9	542.7	626.3	612.8	433.1	653.2	567.6	596.3	643.5	665.8	598.7	585	722.8	591.1	732.5	659.1	565.9	526.7	677.6	584.7	524.1	558.3	546.4	519.9	503.9	572.4	508	557.9
PR_MST_1617.55_	39.1	24.9	28.3	31.9	22.3	28.4	18.8	18.5	28.2	22.3	21	26.9	17.7	17.8	30.9	26.4	29.2	25.7	27.4	19.8	23.4	32.6	30.2	23.1	29.6	21.6	19.1	24.8	20.1	17.3	27	37.6	19.8	22.6	23.1	21.6	19.5	23.4	34.5	23.8	33.2	32.5	50.2	50.9	39.8	20	15.8	16.3	26.9	34.5	15.3	32.6	35.3
1625.41_Phe_2TMS	35.4	34.8	34.4	30.1	36	25.7	28.1	26.6	25	25	23	28.4	23.5	25.6	28.8	22.3	29.6	21.2	18.1	30.7	26.4	26.9	36.8	28.8	25.2	28.5	25.6	22.4	24.5	23.4	29	24.1	21.1	26.8	26	27.4	23.8	21	32.8	32.7	27.6	19.6	33.2	28.5	25.4	20.3	27.9	27.7	29	28.3	26.3	29.9	30.4
1631.47_sumoC5	30.1	22.3	28	28.1	26.7	24.1	23.2	19	29.4	20.5	22.7	29.5	23.2	25.6	23.9	23.2	24.7	25.6	16.8	26.1	26.9	25.5	29.1	26.7	24.7	25.4	24.5	24.2	25.9	22.1	27.3	22.2	24.8	22.1	25.2	25.1	22.1	17.9	22.6	20.6	23.1	17.9	22.1	26.5	25.1	18.1	22	21.5	19.5	27.1	19.4	26.1	23.9
1633.6_sumoC5	7.5	20.8	11.7	11.6	10.9	13.1	12.4	9.7	4.9	5.8	7.8	8.5	7.3	18.8	6.5	9.7	15	18.4	9.3	10.9	27.4	4.9	8.9	7.5	12.1	6	11.1	10.3	10.9	14.3	18.9	5.9	17.9	14.3	6.9	9.1	9.3	9.4	9.4	13.5	5	6.9	10.2	6.9	6	5.4	14.2	7.6	9.5	11	16	5.5	27.2
1638.08_sumoC5	77.5	50.2	66.6	65.4	85.2	58.4	65.9	49.5	67.5	67.9	72.2	80.6	66	77.4	64.3	55.6	66.7	40.3	34.4	69.9	64.4	64	94.8	81.3	68.2	70.7	51.2	54.2	50.3	48.4	59.7	54.1	41.1	56.2	62.9	59.3	44	48.1	68.3	51.4	66	35.8	65.8	61	51.5	37.3	69.2	62.4	66.2	53.9	48.6	66.4	50.8
1643.16_sumoC5	7.8	21.1	9.4	12.1	12	12.5	10.5	13.8	11.8	3.6	4.9	10.5	8.4	7.4	10	7.2	8.7	15.6	11.8	15	10.6	6	11.1	8.2	6.1	8.6	10.2	14.9	9.3	11.7	12.5	6.8	9.5	14.9	11.9	12.3	11.4	17.5	5	14	11.5	15	6.2	14.2	12.5	14.6	9	10.7	8.3	7.1	11	7.1	10.1
PR_MST_1650.50_	24.8	64.5	31.4	25.2	24	34.5	15.8	36.6	19.7	18.5	16.8	19	18.3	20.7	20.7	22.4	20.4	26.4	39.1	22.2	16.3	15.5	21	16.2	16.3	18	14.6	30	15.6	13.8	21.3	21.7	17.4	19.3	23	18.5	18.2	38.7	12.7	41	25.5	28.4	18.2	37.2	27.2	12.4	10.6	12	16.7	17.4	17.6	13.7	17.6
PR_MST_1652.04_	16.8	9.4	14.5	16	18.1	12.4	17.1	10.9	16	16.4	16.2	22.4	18.3	19	18.3	15.3	17.2	12.3	7.5	15.9	15.4	16.3	22.3	21.4	16.9	18.8	17.9	16	15.8	14.1	18.8	15.9	12.7	16.3	18.1	19.4	15.8	21.5	29.5	21.2	25.6	17.4	29.7	28.7	25.4	24.7	32.7	30.9	33.4	26.6	26.7	40.2	34.2
1659.81_Asn_3TMS	370.3	1060.8	566.4	282.6	475.7	477.1	223.4	481.8	206.8	218.9	198.9	243.2	240.7	320.4	224.7	273.1	248.5	494.1	753.4	415.6	253.6	182.1	270.1	215.2	174.1	262.4	189.6	394.4	212.7	202.9	251.5	213.2	208	243.3	287.1	188.9	170	989.1	342.3	934.4	612.3	553.5	191.7	495.5	505.4	203.4	201.8	165.2	295.8	153.4	233.5	172.6	223.9
1660.49_sumoC5	67	39.9	56.2	65.2	78.7	57.2	58.8	55.9	59.9	59.7	61.1	77.3	67.3	71.4	74.7	53.3	67.2	46.2	30	65.1	60.5	63.5	85.7	73.1	58.2	69.5	56.2	75.3	58.4	50.4	74	67.1	44.9	69	65.5	62.9	51	38.3	76.5	52.2	46.1	35.3	90.8	66.5	46.4	41.2	58.3	58.3	74.9	59.4	50.4	58.9	63.1
PR_MST_1680.08_	23.6	89.5	36.8	25.2	25.9	40.8	17.6	42.6	16.8	16.7	15.8	17.7	16.1	21.4	19.5	23.3	19.5	27.4	50.3	20.6	15.5	12.5	18.3	14.3	13.7	14	13.2	30.5	11.2	11.7	19.7	19.6	16	16.5	19.5	15.9	13.9	51.1	21.2	51.1	28.5	32.8	17.8	42.9	28.9	13.2	17.1	14.5	16.8	15.5	18.4	14.6	17.6
1683.15_sumoC5	31.2	12.9	13.3	37	38.5	19.3	28.2	11.4	28.2	20.2	35.4	31.9	24.2	30.7	26.6	27.9	32	33	17.3	39.1	34.3	31.6	43.1	28.8	26.4	27.3	43.5	32.9	28.1	36.2	42.5	33.8	27.3	50.9	23.5	57.1	34.7	10.9	18.4	18.6	20.7	10.9	24	9.8	15.9	28.9	30	30	20.4	28.1	25.5	20.6	27.2
1684.99_MST_1708.9	15.6	7.3	13.8	15.8	24.3	9.6	16.1	13.8	9.9	10.9	11.8	12.5	10.9	12.4	18.6	5.4	16	8.1	4.2	12.3	9.4	11.5	14.8	9.1	9.5	12.3	11.7	12.3	10.6	16	13.3	18.6	7.7	23.6	8.8	15.2	11.3	2	64	15.4	9.2	6.6	20.2	8.2	6.4	8.6	13.6	12.1	19.5	12	6.5	12.8	10.7
"1695.15_Glu1,6An_3TMS"	47.5	53.3	41.9	45.8	36.1	41.5	44.6	44	45.8	34.3	39.6	39.3	32.8	42	45.8	42	45.7	39.4	39.6	39.1	34.5	39.1	47.6	42.4	37.5	33.6	35.8	38.4	28.6	34.1	38	44.5	39.2	37	43.8	46.1	39.1	39.7	49.8	46.4	39.6	39.9	36.5	44.8	44.8	35.1	39.7	40.5	41.6	39.5	34	41.6	44.6
1706.02_Gly2P_4TMS	7.7	12.1	7.8	8.8	10.1	9.1	11.5	8.1	9.1	9	10.6	12.7	13.9	17.3	8.8	8.3	8.8	13.4	8.7	15.6	13.7	9.7	13.2	12.4	12.1	12.5	15.3	18.6	9.3	12.6	18.7	8.8	10.3	13.7	15.7	15.1	14.6	9.7	16.1	11.7	8.8	6.1	8.4	6.2	8	8.8	11.5	12.2	7.9	9.4	12.1	6.7	9
1713.34_deoxysumoC6	8.9	4.7	4.3	3.3	5.2	3.7	10	3.5	4.7	6.1	5.7	5.5	6.5	7.5	4.8	4.6	6.2	6.9	3.3	6.5	7.7	6.4	8.6	7	8.4	5.6	10	8.7	6.9	6.5	9.5	6.5	6.7	10.1	8.9	9.1	9	3.1	39.3	2.9	4.1	1.9	4.3	3.1	2.7	5.3	6.2	7.5	3.4	3.7	6.7	4.4	5.9
1716.18_MST_1795.4	34.5	48.9	45	30.1	40.3	24.1	26.9	23.5	29.5	24.9	20.2	29	27.2	32	17.9	16.2	28.3	15.9	13.9	21.8	31.7	14	24.8	13	14.6	16.2	12.7	13.6	16	11.6	18.6	12.2	11	17.8	23.3	11.8	11.4	19	31.3	30	16.5	11.9	20.6	26.5	15.6	8.4	22.1	16.6	20.5	19	14.9	21.8	11.3
1727.65_MST_1744.8	23.9	14.2	21.6	22.5	25.8	17.9	23.1	15.9	20.7	22	23	30.9	22.1	22.2	25.4	17.8	22	14.7	9.8	21.3	23.6	20.5	31.8	29.7	23.9	24.9	24.7	21.6	21.9	19.4	27.4	21.5	15.6	20.6	25.1	27	20.1	9.4	21.9	13.2	15.3	7.9	20.9	15.9	13.7	15.9	19.4	20.1	18.2	20.3	18.4	29	22.3
1735.37_MST_1737	69.1	60.7	57.6	66.3	63.9	62.4	64.5	63.1	69.7	54.9	55.3	56.6	65.1	62.3	69.7	72.4	54.4	62.2	82.5	64.1	59.4	64.1	54.3	57.6	59.9	59	60.1	62.7	65.1	43.6	66.4	68.2	62.5	66	63.6	60.3	63.7	64.1	69.4	70	64.6	74.1	65.2	67.3	71.5	60.6	55.3	60.6	71	64.4	59.7	58.7	67.8
1737.77_Put_4TMS	1018.4	1141.4	1075.3	1029.6	1121.3	1072.6	1060.4	1066.8	1050.3	1041.6	1026.7	1064.4	1094	1100.5	998.2	1031.6	1079.3	1034.9	1063.5	1057.8	986.6	992.1	1035	1050.2	1015.4	1037	998.5	1031.5	1077.2	811.1	1046.8	984	1030.9	1039	1076.3	1053.9	1018.2	1082.4	1048.1	1156.9	1056.8	985.9	1006.1	1019.5	997.6	947.9	1014.9	1002.2	1035.4	925	975.6	890.8	1001.3
1742.42_MST_1742.1	62.7	56.6	66.5	59.6	67.8	40.1	32.9	31.2	51.6	42.3	31.1	53.7	41.6	49.2	34.8	31.7	51	27.8	27.3	33.6	57.7	26.4	42.9	26.1	27.4	27.5	23.9	30	24.7	23.5	28.4	22.6	16.1	37.5	31.4	23.1	15.5	22.4	38	33.4	22.9	16.7	38.7	33.1	22.6	16.9	36.9	28.6	29	36.6	22.4	31	21.8
1743.59_Gly3P_4TMS	0.9	0.8	1.5	1.2	2.9	1.1	1	1.1	1	1.7	1.7	1.9	1.7	1.6	1.6	1.2	1.8	0.5	0.5	1.3	1.5	1.6	1.4	2.3	1.2	2.4	1.2	1	1.9	1.4	1.5	1.3	1	1.9	1.2	1.1	0.7	1.1	7.9	1.9	1.4	1	3.1	1.7	1	0.9	1.9	1.1	2.1	1.3	1.3	2	2.2
1748.06_MST_1767	65.9	63.5	67.3	62	79.9	62.1	57.8	49.2	59.7	62.7	63.3	76.5	65.1	72.1	64.6	59.1	63	48.6	40.3	59.9	64.1	54.8	84.5	70.9	58.6	62.1	50.5	55.2	51.6	47.4	59.8	52.8	45.8	59.6	60.4	58.6	44.7	57.4	62.9	61.3	54.7	38.6	66.2	61.4	49.7	42.5	66.7	58.7	66.9	55.8	56.2	70.7	63.8
1752.54_MST_1770.9	316.6	273.9	228.2	282.5	179.3	243.5	236.7	247.5	304.6	208	210.6	214.7	140	162.1	308.3	259.8	303.4	192.5	235.5	163.7	156.5	262.6	293.1	210	198.1	162.6	159.1	167.4	128.3	169.8	166.2	291.9	189.4	168.1	180.8	237.6	181.1	189.8	308.8	228.4	228	248.3	266.1	285.6	262.1	223	218	219.1	253.8	258.9	167	283.9	314.3
PR_MST_1753.26_	57.6	94	82.7	52.5	96.3	64.6	72.3	47.5	57.7	56.8	64	90.7	78.4	86.9	52.7	64	72.4	55.5	33.9	78.4	94.9	39.4	81	74.6	50.9	91.7	56.1	58.2	47.7	72.6	65.8	34.2	43.2	65.2	68.8	62.3	52.8	69.4	20.4	56.7	57.5	23.1	32.8	49.2	33.6	36.3	69.4	38.7	37.1	45.7	61.2	56.6	42.8
1763.42_Gln_3TMS	302	1269.6	523.1	314	506.7	486.4	226.8	572	195.6	239.6	194.1	250	264.4	365.5	227.5	237.1	208.4	298.8	412.2	322.1	189.5	90.6	151.2	153.7	122.2	168.7	121.9	309.9	178	165.2	277.4	246.7	195.6	263.8	298.3	196.4	157.9	601.7	291.4	702.6	399.3	291.6	185.7	456.7	258.7	153.4	229.8	208.4	219.9	150.6	272.1	213.6	198.1
PR_MST_1772.95_	92.5	80.3	96.6	85.9	80.7	78.7	74.4	61.3	86.2	78.6	85.9	97.3	67.4	78.3	80.4	78	91.4	61.7	55.7	72.4	76.7	75.9	107.6	82.5	74.2	70.2	67.7	64	45.5	59.5	77.2	70.9	58.5	68.4	75.6	77	62.7	61.4	64.5	71.7	70.1	50.4	78.3	76.5	70.4	56.9	79.8	72.4	76.1	77.3	66.6	85.7	84.9
1788.89_ShikA_4TMS	40.8	44.3	39.4	35.6	42.4	39.3	32.9	37.9	35.1	34.6	38.2	39.7	35.5	38.9	39.8	38.2	36.6	29.9	31.5	33.5	35.7	33.5	44.7	37.8	34.7	34.2	28.3	34.6	29.3	29.3	35.2	34.8	27	32.7	37.7	30.9	26.8	38.4	34	36	30.8	28.4	35.9	41.8	30.4	25	39.6	34	34.7	30.7	32.8	36.8	35.4
1803.23_CitA_4TMS	959	496.6	928.6	571.7	799.6	834.3	618.9	378.1	560.4	670.1	796.2	701.8	676.6	821.4	820.8	621.7	645.4	627.4	333.1	615.5	604.3	501.1	802	808.1	637.9	529.8	493.1	560	539.2	481.3	623.3	878.8	472.1	561.3	607.6	547.5	368.6	634.5	866.7	565.9	926.7	764.3	1022.2	947.3	811.9	704.3	998.6	1005.8	1063.5	729.4	871.8	1107.8	896.2
1841.53_dhAA_TMS	39.2	29.4	37.6	44.6	53.8	50.7	60.4	50.1	60.6	50.9	71.1	78.6	68.3	61.4	66.7	74.5	65.8	56.1	35.7	73.2	60.7	74.1	105.3	104.7	74.8	86.1	74	67.7	69.7	56.1	76	60.2	68.4	69.6	79.4	98.1	69	71.8	58.4	78	88.2	56.6	92.2	92	91.2	77.3	91.3	87.9	92.2	87.8	102	141.5	120.9
1843.39_FatA_C14:0_1TMS	611.4	623.1	625.6	598.9	614.6	620.9	603.2	620.3	604.6	594.9	600.1	601.1	613.2	612.6	601.9	602.1	599.3	604.2	614.8	615.6	591.9	600.2	609.9	611.2	596.5	608.5	594.2	609.8	635.9	597.8	628.4	608.8	589.3	602.6	610.1	594.1	592.4	614.2	595	623.2	622.3	606.2	600.4	611	607.1	587.6	599.6	608.5	611.6	597.1	586.1	548.5	595
1855.94_Fru_5TMS	4317.9	3104.2	3843.7	3699.9	4607.6	3898.5	4702.4	3109.5	3997.4	4668.3	5353.2	4918.7	5715.9	5291.3	4427.7	4843	4583.8	3483.7	3712.2	3834.3	3884.7	4468.4	5055.1	5126.6	4378.3	4255.6	4738.4	3845.6	3754.8	3094	4239.8	4006.7	3884.4	3563.7	4269.6	4525.2	3355.4	4173.2	3975.1	3750.3	3659.7	2594.3	3790.9	3966.7	3342.4	3006.2	5034.6	4363.8	4646.1	4197.3	4051.9	3971.4	4474.9
PR_MST_1864.60_	304.1	216.4	290	283.8	412.4	310.7	415.5	238.6	315.2	466.5	556.4	449.4	633.5	496.4	353	472.9	384.1	304.1	295.7	362.6	360.7	381.6	439.1	470.3	396.8	405.8	455.5	357.6	405.6	284.9	410	321.8	360.2	329.6	397.6	449.8	328.8	345.6	332.4	289.2	312	199.2	277.2	306.8	280.7	278.9	467.6	424.7	416.5	373.6	393.5	388.8	418.3
1876.54_Allantoin_4TMS	24.6	39.8	31.9	21.4	42.7	36.8	22.3	24.6	23.4	21.4	19.4	24.3	19.9	24.4	20.2	23.9	24.8	27.9	29.3	28.5	22.7	16.9	22.5	19.4	15.9	21.3	14.1	20.6	17.8	15.9	24.8	19	22	24.6	26.4	21.5	18.4	41.7	31	48.6	31.5	31.2	25.1	28.5	25.4	17.9	23	19.6	30.4	16.4	21.1	20.4	20.4
1881.39_Man_5TMS	1266.2	1224.2	997.6	1383	1105.3	1055.7	1018.9	960.9	1538.9	995	1191.3	1299.7	1258.8	1375.8	1762.2	1580.3	1193.9	1010.9	1309.6	1111.3	1087.3	1327.8	1168	1119.9	946.8	1074.1	1051.2	1186.8	865.8	1106.6	1356.4	1550.5	999.6	997.9	1232.2	1233.5	1019.5	1003.4	1111.5	1071.2	1047.8	942.2	1136.7	1307.2	1237.1	959.9	1167.1	1101.4	1591.3	1368.8	1006.5	1129.1	1480.3
1882.01_Glc_5TMS	5761.4	7033.9	6268	5743	7622.3	6396.7	6783.2	6268.6	5622.8	6235.8	7130	6694.3	7964.9	8162.8	5658.3	6175.6	6161.6	6727	6105.6	7563.2	6723.4	6451.7	7282	7786.3	6834.8	7432.7	7920.5	8319.3	8514.8	6050.9	8227.8	5908.5	7219	7586	8106.4	7870	6846.5	7305.3	7944.5	8179.7	6927.2	5589.3	6088.3	6077.9	5826.9	5953	7210.2	7351.2	6682.6	5898	7212.5	5360.5	5999.2
PR_MST_1890.34_Iditoldegr	152.2	172.8	180.9	143.9	225.2	118.7	117.7	103.5	151.6	170	136	166.6	166.5	174.1	126	120.1	188.4	105.5	117	123.2	206.1	115.6	153.3	118.1	121.3	103.2	107.4	102.4	108	64.7	118.3	100	86.1	177.7	163.9	110.3	76.9	100.1	194.4	142	96.3	94.8	210.8	132.9	99	100	171.8	139.3	152.3	140.2	110.1	146.3	119.7
PR_MST_1899.76_	67.6	52.3	70	74.4	85.5	68.2	74.1	64.5	87.6	81.2	79	91.9	76.2	73.9	69.2	73.5	87.1	65.1	49.8	81.5	85	73.6	106.5	93.3	83.1	82.8	75	72.9	81.7	58.7	93.3	71.2	75.7	103.6	103.7	101.4	87.9	80.1	93.9	86.5	89.6	69.8	125.2	102.2	97.4	90.5	106.7	99.3	94.6	103.9	103.2	137.5	110.5
1913.1_Lys_4TMS	57.5	61	57.9	40.3	53.7	53.3	42	43.1	37.5	34.7	32	39.6	37.9	40.5	38.1	33.8	39.3	39.5	38	50.6	41.4	37.2	51.7	41.9	37.7	40.2	35.8	35.6	33.6	31.3	46.2	44.2	31.3	40.2	45.9	39.7	33.1	53.4	50.4	77.4	53	37.4	44.6	55.2	43.4	34.6	41.9	41.7	41.5	41.5	46	42.8	45.6
1916.6_MST_1956.9	249.4	315.1	232	225.9	222.4	179.9	97.7	147.6	107	96.8	103.7	106	89	106.8	92.9	102.3	100.9	232.5	218.9	271.4	179.8	212.4	141.7	120.1	112.9	129.7	101.3	114.6	88.6	83.6	106.9	93.9	83.7	96.2	97.5	101.6	81.1	224.6	247.2	240.5	239	173.6	188.4	153.6	134.9	114.1	177	134.6	165.3	138.7	121.7	147.3	153.6
1922.7_GalacturonicA_5TMS	8.2	7.5	6.6	7.5	7.3	5.6	5.3	5.4	7.5	4.2	4.6	7.6	5.7	6.8	6.2	6.3	6.3	5.7	5.2	7.1	7	4.5	8.5	6.7	5.6	6.2	5.8	5.9	5.3	5.8	6.6	5.3	5.8	7	7.1	6.8	4.9	5.4	6.8	7	6.8	5.7	7.9	7.3	7.2	5.8	5.5	6.2	5.8	6.3	5.6	8.1	6.6
PR_MST_1927.80_	4.6	3.7	5.2	5.4	6.9	5.6	1.8	5.7	7.1	6.6	8.5	7.4	8.9	7.2	6.5	5.9	6.4	6.1	4.6	10.7	8.6	8.9	11.9	11.8	9.4	11.3	10.3	9.4	12.4	7.4	10.5	6.9	8.4	11.8	11.8	9.5	9.6	8.9	7.1	8.6	9	6.9	9.5	11	9.5	10.2	12.6	12.3	9.5	11.1	13.8	13.5	12.6
1930.3_MST_1956.9	20.1	25.9	21.9	17.5	22.7	24.3	21.7	16.6	21.5	23.3	23.8	23.6	22.1	26.4	22.1	26.4	26.6	21.4	19.9	16.5	18.9	20	25.5	21.9	19.2	19.1	16.2	24.2	17.7	17.9	19.8	18.3	20.3	21.7	19.8	22.8	16.9	31.8	24.8	28.9	21.6	22	25.1	26.3	23.9	14.6	24.9	20.2	27.5	20.9	20	25	25.1
1932.45_Tyr_3TMS	30.2	29	33	25.9	33.3	27.2	26.3	23.9	23.9	22.2	21	24.8	21.9	22.1	24.1	21.7	25	23.2	18.1	30.9	26.9	25.8	33.7	26.3	23.6	26.3	21.8	19.5	19.5	17.9	24.3	20.3	17.8	23.2	25.5	23.5	19.8	25.8	32.6	37.8	30.9	21	29.6	27.6	26.9	19.2	26.1	24.9	25.7	23.5	25	27.4	27.2
1942.5_MST_1953.1	40.8	30.6	34.7	35.3	31.8	29.2	34.5	26.5	37.6	43.7	43.8	40	36	37.7	38.5	39.7	39.8	25.2	19.8	33.4	32.9	36.9	45.9	47	38.1	35.1	34.7	23	22.7	30.3	37	37.3	34.9	31.2	40.7	43.1	30.8	31.8	29.2	28	31.6	24.6	33.1	36.8	30.9	31.7	45.9	39.5	37	37.6	43.3	60.3	49.3
PR_MST_1954.55	42.3	59.3	34.6	52.1	53.1	40.5	37.4	40.3	38.2	43.4	41.4	38.6	51.5	50.7	95.1	32.7	36	40.4	35.3	47.9	37.8	37.6	45.2	32.7	36.2	37.2	38.8	48.8	37.9	36.2	55.8	51.5	29.9	40.8	43.5	39.3	33.7	47.1	29	43.6	39.7	27.8	39.9	44.2	32.3	33.7	42	47.2	47.9	36	38.1	29.7	35.4
1954.7_Glucopyranose_5TMS	16.3	15.6	19.4	23.9	33.5	17.3	7.4	18.7	12.1	18	20.8	16.5	15.7	11.5	53.9	13.3	18	5.3	4.9	11.4	10.8	11.3	15.4	12.8	6.2	18	3.9	6.3	14.3	16.5	12.7	18.7	4.4	11.1	7.8	6.4	1.4	15.3	23	19.9	17.1	14.3	18.4	26	12.6	11.6	17.9	11.3	22.7	14.1	12.3	15.6	14.7
1975.5_sudiC6-C6	9.9	7.7	7.2	10.2	7.7	7	11.2	6.3	10.4	7.5	10.1	8.2	13.1	12.7	12.9	10.6	9.4	8.5	5.4	9.9	13.8	9.5	15.2	11.7	9.7	12.6	14.4	12.2	13.4	11.9	12.4	7.2	9.7	11.7	12.1	10.5	12.4	7.6	6.3	6.7	10.4	6.9	5.4	8	12	9.6	9.5	9.4	6.5	10	9.6	14.9	9.7
1982.6_GalactonicA_6TMS	99.6	83.7	95.3	93.7	112.3	78.6	75.8	59.8	84.2	86	88.6	116.2	83.9	93.4	98.5	80.8	92.5	55.6	44.9	76.8	79.9	70.2	113.6	100.8	77	86.8	68	69.3	73.6	68.3	79.4	73.3	55.5	74.5	80.2	86.3	57.6	63.4	85	74.6	70.4	50.8	96.1	79.2	68.9	63.5	89.5	81.5	87	88.3	75.2	115.3	90.5
2000.27_MST_1987.3	15.1	3.9	10	13.5	15.6	8.6	9.4	4.5	9.2	9.1	10.2	12.1	11.7	11.1	14.2	9.7	11.4	4.8	3.4	7.6	7.6	7.8	11.3	10.6	7.9	9.4	6.5	5.7	6.6	7.2	8	10.6	5	6.8	8.2	7.4	4.8	24.5	11.4	18.7	17.2	14.4	16.5	27	18.9	15.1	24.4	18.9	21.2	19.7	20.3	44.3	25.3
2001.63_GluconicA_6TMS	23.6	14	19.8	24	26.6	16.4	21.1	13.1	17.4	17.7	18.4	22.1	20.9	23.6	19.7	17.6	18.8	14.7	9.6	19.4	18.1	18.1	24.3	20.8	19.5	20.2	16.7	17.8	15.7	14.9	21.2	19	14.4	18.5	19	18.6	15.3	13.9	19	15	16.5	10.8	20.8	15.8	15.2	13.5	18.9	19	18.9	20.2	17.7	22.5	19.6
2007.5_MST_2021.5	90.4	68.3	77.8	77.6	83.1	75.9	82.9	62.8	77.1	95.7	100.6	95.3	98.8	95.9	90.9	93.8	92.5	68.5	65.1	78.8	81	87.6	106.9	103.1	90.4	84.9	87.6	82.7	71.4	65.5	88.7	86.7	75.8	77.4	90.1	91.7	68.8	83.3	92.5	81.8	76.6	60.7	96.9	95.3	71.9	67.2	109.7	97.2	107.5	93.8	86.9	102.5	100.9
2040.74_FatA_C16:0_1TMS	731.1	761.7	745.6	739	777.5	719.7	754.6	741.6	714.3	711	743.9	755.9	775.4	790.7	738.2	712.3	740.3	716.4	714.4	768.3	726.6	713.5	733	729.3	722.7	756.2	719.3	747	811.1	737.7	769.7	717.5	716.7	776.9	766.1	765	745.1	791.5	817.7	791.1	781.4	778.1	762.8	684.3	749	811.4	734.6	785.5	719.4	713.3	810.2	1059.7	739.4
PR_MST_2050.76_	11.8	34.7	12.9	11.4	16.3	16	8.5	16.1	8	6.8	5.8	5.9	6.9	8.6	8	8.5	6.4	11	18.8	11	5.8	4.7	3.7	4.2	5.2	4.5	5.6	10.8	3.7	5.2	8.6	8.5	8.5	8.1	9.8	6.4	7.2	18.8	13	20.6	11.7	11.8	7	13.3	7.7	4.9	5.1	5.6	8.8	4.8	6.5	5.1	6.2
2054.42_MST_2066.3	193.8	293.2	275.7	181.9	409.6	284.8	229.1	211.9	243	247.4	275.4	367	341.4	318	207.1	239.1	316.5	238.1	155.2	324.5	331.9	164.6	303.9	284.9	190.5	313.7	195.8	193.3	292.4	264.4	271	159.9	197.4	294.3	263.7	256	216.1	292.3	111.3	207.3	249.4	160.4	139.7	249.2	195.9	216	320	207.6	200.7	185.7	263.2	199.5	216.8
2057.52_MST_2066.3	270.5	338.9	288.6	225.2	395	301	266.3	207.6	309.8	245.8	259.3	340.3	317.3	330	264.8	312.9	306.1	251.2	205.6	308.1	331.1	214.6	317.8	276.4	205.2	266.8	215.4	244.4	264.2	245.7	276.8	194.7	197.3	275.9	281.7	245.4	230	270.2	145	206.5	252.1	177.5	174	301.4	220.3	200.2	307.2	221.1	258.2	239.6	258.1	206.5	273.3
PR_MST_2075.71_	42.8	43.3	42.5	53.5	44.8	33.9	36.6	31.7	30.7	36	33.5	44.2	32.9	45.1	36.2	30.8	40.7	21.6	19.2	26.9	26.4	25.6	35.4	29.3	25.6	27.5	25.7	23.5	20.6	20.3	27.9	27.2	20.5	24.8	25.7	28.6	22.4	24	33	26.1	29	18.6	35	31.3	25.9	25.4	39.4	35	30.2	41.4	33.6	38.6	36.7
2084.15_Ino_6TMS	3257	2877.9	3311.7	3211.4	3623.4	2902	2770.5	2243.4	2927.8	3304.9	3441.9	3876.1	3220.5	3769.9	3021.7	3027.7	3670.4	2400.7	2164.2	3171.6	3222.8	3175.9	3796.1	3283.9	2922.7	3077.4	2789.5	2788.4	2515.8	2256.8	3254.8	3233.7	2565	2923	3110.3	3475.9	2567.2	2174.7	2700.5	2262.5	2404.7	1509	2531.9	2286.4	2030.8	1884.3	3127.7	2510.2	2846.2	2695.7	2321.5	2833.5	2773.2
2115.27_MST_2105.7	11.4	15.2	13.3	14.5	18.4	14.4	16.2	8.9	17.6	16.1	13.3	12.8	16.8	17.1	17.9	11.5	14.4	13.9	12.9	15.1	12.4	9.3	14.1	14.4	16.6	13.4	23.2	20.4	7.8	10.8	16.5	12.9	14	16.5	11.2	11.9	13.1	15.7	11.5	13.2	11.7	9.2	16.1	10	10.5	12.4	15.4	11.2	12.6	10.4	11.8	13.4	12.9
2119.6_MST_2128.1	33.2	15.3	28.5	21.4	31.6	24.5	16.1	19.7	22.9	20.9	31.1	33	24	24.5	21.1	24.5	24.7	12.8	9	19.7	28.6	26.6	32.6	23.3	21.5	20.9	9.8	18.4	28.5	19.9	20.9	18.7	11.3	20.1	28.1	18.3	11.8	17.4	9	21.8	16.4	14.1	28.8	30.5	18.5	11	26.5	23.4	28.4	26.1	15.4	28.6	24.6
2126.29_MST_2128.1	46.3	30.7	44.6	38.2	49	38.6	37.1	33.1	36.5	43.5	52.3	55.4	45.5	40.9	42.3	36	45.5	27	21.4	37.4	39.5	36.7	57.2	48.9	43.7	41.2	32.9	37.1	31.4	31.2	43.6	37.9	26.9	39.1	41.5	38.5	28.2	28.9	60.1	30.6	31.2	21.6	41.6	41.1	26.7	24.3	47	40.5	43.2	41.4	32.2	51.1	42.1
2135.16_MST_2134.3	6.9	7.2	7.6	5.8	6.7	6.4	6.3	5	5	7.1	5.6	6.2	6.8	8.3	5.6	6.4	5	7.8	5.8	5.9	4.7	4.6	7	4.5	4.8	4.3	6.5	6.2	2.4	4.4	4.9	5.6	3	5.1	5.2	5.3	4.7	5.9	9	4.5	6	3.7	4.8	4.8	7	3.6	7.1	6	6.2	4.9	6.6	6.8	3.8
2197.03_MST_2209	37.6	40	40.7	34.7	48	35.7	35.2	30.3	34.4	34	35.9	41.8	36	40.5	34.8	31.8	35.5	31.6	24.9	36.7	35.7	32.4	41.8	37.1	32.1	36.4	33.7	34.6	33.2	36.9	41.2	32.5	30.2	40.8	41	37.3	33.3	34.5	33.7	40	33.4	23.1	34	34.1	28.1	24.1	35.4	31	34.5	30.2	31.6	37.1	31
2208.56_FatA_C18:2_1TMS	43.8	68.2	39.1	34.4	55.1	31	58.1	56.2	43.1	36.7	33.5	40.6	52.5	52.3	44.4	45.3	42.2	46.1	51.2	56.4	61.2	52.2	48.6	49	59.1	58.2	47.7	53.5	57.3	55	58.8	55.1	50.5	78.7	69.7	50.4	54.5	47.8	58.2	62.5	49.2	33.6	37.7	35.8	31.7	39.8	50.5	31.4	31.4	31.6	51	60.9	41.1
PR_MST_2213.14_	124.1	123.3	146.7	133.6	191	132.1	116.2	116.3	99.8	146.6	146.2	126.5	131.3	178	143.9	117.4	108.9	69.8	73.7	94.7	99	83.7	129.5	105.7	98.5	87.2	72	112.8	76	81.6	84.2	74.3	76.9	76	84	78	69.4	140.8	130	158	109	103.4	132.5	110.7	88.7	81.5	156.3	148.9	167.4	113.6	129.8	148.3	117.6
2217.08_FatA_C18:1_1TMS	69.1	85.7	66.6	49.5	80.9	56.4	73.2	75	56.5	54	57.8	68.6	76.6	72.9	52.9	47.5	56.6	55.8	49.5	96.1	74.8	57.3	83.6	62.7	73.8	58.5	66.8	71.2	64.7	99.6	112.7	68.3	58	107.7	107.2	67.6	67.2	68.6	89.6	86.1	66.8	42.7	58.6	55.9	55.1	45.8	58.2	52.8	48.3	47.6	62	160.4	62.2
2237.44_FatA_C18:0_1TMS	32.2	30.9	32.9	35.8	35	25	34	25.4	24.2	26.1	32.3	39.8	26.9	39.2	39.9	23.2	26.9	24.7	23.4	29.6	21.8	21.3	24.2	18.6	23.7	25.4	24.8	30	25.3	25.5	26	22.2	22.5	30.3	26.9	35.4	30.8	46.8	45.4	42.5	40.5	50.9	46.5	20.9	40.6	59.2	29.9	51.8	31.8	31.8	59.3	214.6	36.6
2253.1_Spd_5TMS	15.8	12.5	11.3	15.7	20.7	10.5	11.7	22.9	5.5	8.1	5.6	10.4	12.6	15.4	19.5	5.2	9.3	7	9.5	9.9	5.5	6.2	8.5	6.8	6.6	7.9	5.9	20.4	5.6	8.6	14.5	27.5	6.2	12.5	11.2	8.3	6.2	6.5	15	20	8.3	6.6	19.6	11.7	5.2	3.9	8	9.9	19.8	6.8	6.5	5.4	8.5
2260.08_MST_2277	46.4	47.2	45.3	43.5	55.5	49.4	40.1	36.8	43.4	41	43.2	53.2	44	45.1	38.6	42.9	46.3	31.9	27.9	43.8	44	40	52.4	49.1	35	45.2	34.6	40	38.6	31.6	42.3	34.6	29.9	40.1	40.6	41.4	31.2	42.3	45.2	45.6	39.1	31.3	47.8	46.1	37.2	27.9	49.2	39.5	47.1	40.4	38.7	49.3	46.3
PR_MST_2269.17_	13.9	10.6	15.4	7.8	18.1	13.5	7.7	8.5	6.1	17.2	18.3	7.6	17.4	29.5	23.8	13.5	9.3	8.2	7.1	8.6	9.7	7.6	13.3	12.2	10.4	7	5	8.4	7	10.8	6.6	5.2	7.5	7.1	8.9	5.3	5	12.1	13.7	12	7.1	8.5	10.8	10.1	6.9	3.7	14.7	13	11.5	6.4	11.9	14.8	9.2
2278.38_MST_2301.1	8.1	9.3	8.3	8.3	9.2	6.9	8.3	5.5	6.6	6.5	6.4	10.2	5.7	7	6.9	6.8	8.5	6	4.8	6.5	6.5	7.7	8.7	6.6	5.7	7.4	6.1	6.8	4.5	5.4	5.5	6.8	6.1	6.2	5.6	7.1	6	5.9	7.7	6.1	7.7	4.1	9.1	6.7	5.7	5.9	8.3	7.6	7.6	6.5	7	7.2	7.3
2285.35_Fru6P_6TMS	24.4	34.9	26	25.3	26.9	28	23.7	21.1	27.3	21.5	22	30.8	24.4	24.3	20.2	25.8	29.4	28.1	24.1	33	32	29.6	35.5	32.7	25.9	30.4	30.8	28.8	24.5	23.4	29.5	23.7	27.5	31.8	30.1	35	27.8	29.4	26.5	30.2	29.9	21.1	25	30.3	24.9	22	27.2	23.2	19.6	24.3	24.5	26.9	27.5
2287.81_Man6P_6TMS	20.2	11.8	24	15.5	31.8	28.3	9	8	15.9	24.3	27.3	28.6	19.9	17.3	21.8	20.9	27.5	4.6	3.1	12.5	14.3	15.7	29	25.5	10.4	30.6	5.7	7.7	23	12.7	22.1	14.3	6.7	15.7	15.6	13.7	5.5	22.4	33	25.1	16.8	15.5	33.3	26.1	22.8	9.9	28.9	16.4	37.6	23.3	16.3	29.2	27.7
2293.7_sudiC6-C6	19.7	21.1	20.8	19.2	25.5	18.3	13.6	13.4	18	19.6	19.3	21.4	19.5	22.3	20.6	20	20.1	14.1	14.1	17.8	18	14.8	24.1	20.1	16.8	17.8	13.3	16.7	11.2	15	15.8	13.8	13.6	17.1	16.2	14.5	13.3	16.3	20.4	20.3	14.7	12.6	18.2	17.3	13.9	8.7	18.4	13.8	17.1	13.7	14.1	19.3	16.1
2299.7_Glc6P_6TMS	81.8	103.7	83	77.4	80.9	99.4	72.7	48.6	91.8	71.9	71.8	87.8	69.5	68.7	58.2	85.8	89.4	82.2	63.6	95.7	95.2	94.7	117.3	99.1	80	102.4	82.5	68.1	77.3	68.5	96.2	74.2	74.4	87.4	96.4	99.7	75.9	100.7	64.3	90.5	89.5	70.1	66.1	89.3	84.4	66.2	86.9	67.5	59.5	78.9	78.1	90	84
2353.85_MST_2370.2	39.7	33.3	40.2	36.3	45.6	33.3	33.8	24.1	33.6	33.4	36	45.7	37.9	42.1	36.2	30.5	36.4	28.5	20	36.6	36.4	34.6	49.4	41.5	33.4	37.3	28.7	33.6	31.6	29.1	38.7	35.1	25.2	36.7	40.1	37.1	31	29.2	34.1	36.6	33.9	21.1	37.1	33.1	28.3	26.2	39.6	36.5	37.6	38.5	33.3	43.8	37.2
2370.2_MST_2418.9	14.2	9.8	15.1	9.5	16.9	10.9	8.4	9.4	5.6	13.1	13.5	7.4	13.5	23.4	17.8	8.9	7.3	6.7	7.2	7.6	9.5	6.7	12.4	10.3	10.3	6.2	5.8	8.6	5.4	9.5	6.8	6.1	7.2	6.5	8.8	5.6	5.1	10.2	11	11.5	7.8	7.8	10.1	9.6	6.5	4.8	12.7	12.7	10.2	7	12.3	13.4	8.2
2389.05_MST_2418.9	6.4	7.7	6.3	5.9	7.5	7.6	5	4.9	5.9	5.2	5.8	8.1	5.6	6.6	6.5	6.5	6.5	6	4.8	5.8	5.4	4.1	7.3	7.1	4.5	6.3	4.8	5.5	4.1	4.7	6.3	4.1	4.6	5.4	5.3	5.1	4.9	7.9	8.1	10	6.4	7	8.1	7.4	7.5	5.2	8.3	7.8	8.5	6.4	5.3	7.2	6.3
2396.39_sudiC6-C6	104.6	96.7	112.4	86.2	135.2	99.5	82.1	69.4	74.2	91.9	97.2	92.1	98.6	131.2	98.5	80.2	75.7	78.8	69.9	84.9	94.2	75.8	108.8	94	89.5	74	71.5	94.3	74.9	68	86.4	78	74.3	72.7	86.7	77.7	65	100.8	99.4	114.4	84.3	71.2	104.9	95.8	71.9	57.3	107.6	98.7	97.2	81.9	96	101.4	78.8
2404.36_Ino1P_7TMS	69.8	62.4	68.2	59.5	78.9	59.1	48.7	46.7	58.6	58.7	63.4	62.4	59.4	71.9	71.5	57.7	60.1	44.4	43.2	54.2	62.2	59.6	76.4	68.4	54.8	59.3	47.9	54	54.8	57.7	51.9	53	42.7	52.9	55	49.1	39.6	56.8	61.4	63.4	56.5	47.4	69.1	63	52.5	43	67	51.7	57.4	57.8	59.4	70.4	65.5
PR_MST_2420.54_	29.4	21.5	32	24.4	34.8	23.6	19.2	16	19.5	27.2	30	33.2	23.4	29.6	27.7	25.8	27.3	15	11.9	20.9	23.2	21.6	32.3	27.8	17.9	23.6	14.2	20.6	17.8	20.2	18.7	18.7	15.6	20.9	21.9	20.5	15.8	26.6	33	27.7	26.4	20.8	32.6	25.2	24	16.7	34.9	28.4	34.8	25.7	25.7	37.4	31.9
PR_MST_2425.25_	32.9	35.1	40.6	28.6	51.1	34.8	23.4	27	23.4	34.9	37.8	30.6	36.7	49.9	38.3	29.3	26	22.5	19.4	25.3	29.1	20.6	35.1	29.1	26.9	22.4	16.6	28.9	22.3	25.6	20.6	15.7	23.7	23	24.7	19.5	17.5	39.2	36.1	40.9	29.2	27.1	37.3	34.2	25.1	17.7	40.4	37.9	39.9	22.4	35.9	36.1	26.9
2568_NicAm_4TMS	38.8	27.7	39.3	25.9	41.5	26.5	31.2	22.6	25.9	28.8	34.9	44	32.4	42.8	39.5	20.5	20.8	20.9	12.3	30.9	22.7	15.6	32.5	30.1	27.2	18.4	21.9	20.7	18	20.6	33.7	40.1	20.7	29	37.1	30.7	24.2	21.1	31	32.5	32.8	14.9	26.3	29.8	19.8	28.5	41.6	47.3	32.8	31.7	49.6	38.4	31
2619.11_Suc_8TMS	6069.9	6620	6783	6373.3	7661.7	6287.7	8688.3	5657.4	6464.5	9416.1	10150.1	7694.9	11822.9	11545.9	7724.9	9405.4	7031.7	6811.2	6413.8	6702.9	6391.4	6886.4	6960.4	8154.5	7191.5	7051.5	8065.3	7488.7	8146.5	6170.2	7322.6	5769.9	7116.3	6116.9	7201.4	7989.9	6449.5	7311.5	5993.8	7427.4	7192.4	4915.6	5487.7	5442.9	6160.4	5879.4	8128	8035.6	7274.4	6489.8	8198.6	5843	6658.7
PR_MST_2640.92_	707.1	715.5	851.3	686.5	1079.7	736.4	643	476.5	572.5	732.4	762.4	812.2	775.4	990.4	713.2	594.2	639.4	514.5	432.4	676.4	759.6	551.8	798.8	694.5	610.1	623.6	553.1	723.2	580.3	576.9	672.3	532.3	543.6	592.6	710.7	602.2	514.2	674.1	722.7	802.1	626.2	467.8	738.4	656.9	501.5	429.2	820.7	692.8	729.1	580.2	738.8	769.4	618.1
2727.92_Tre_8TMS	40.4	31.6	36.6	26.6	43.2	31.6	30.4	26	25.8	31.8	39	32.4	37.8	47.9	33.1	27.9	30.5	25.7	17.6	27.3	29.6	20.9	36.4	32.2	25.1	28.4	25.8	28.4	27.3	28.3	31.9	26.6	20.6	28	35.4	25.7	23.5	26.8	27.8	29.7	28.3	16.5	30.6	30.7	26.5	22.9	37.2	36.6	29.1	31.1	40.3	37.7	31.3
2730.36_sudiC6-C6	29.4	33	25.3	25.4	35.6	30	33.2	27.7	28.9	26.5	34.1	34	35.3	35.2	29.8	26.4	28.3	29.8	22.7	31.5	30.6	25.2	34.3	31.3	25.7	25.8	28.5	33.8	24.1	23.2	31.5	24.7	24.8	31.4	33.6	31	29.7	32.4	22.4	31.1	29	19	27.1	30.5	21.4	22.6	30.9	32.6	29	25.7	33.2	33.6	30.3
2741.23_sudiC6-C6	21.2	33	38.8	24.1	61.6	29.5	14.3	16	11.9	28.7	20.6	33.1	29.7	29.2	21.5	25.3	28	3.6	10.6	13.6	23.6	11.3	20.7	24.8	8.5	37.2	7.9	9.9	14.5	21	11.1	10	8	12	12.6	12.4	6.8	24.3	47.9	44.6	20.6	9.9	29.1	27.6	20	5.6	32.2	8.1	24.7	24.1	20.7	30.6	25.2
2771.2_MST_2791.1	34.8	29.9	44.4	34.1	60.2	23.8	31.2	16.1	29.1	36	47.9	49.9	45.8	46.3	37.7	32.8	36.1	22.9	10.5	33.3	38.5	24.6	46	46.3	31	39.1	23.6	26.9	36.8	35.8	40.4	22.3	23.4	39.3	35.4	33.5	24.2	25	53.7	37.8	21.2	11.4	42.2	33.6	22.6	25.4	52.8	40.7	33	39.9	42.7	64.6	42
2792.08_sudiC6-C6	5.5	6	5.9	5.2	7.4	5	5.1	3.8	3.9	3.2	3.5	6.2	4.1	6.9	4.5	3.2	3.7	4.7	3.8	5.9	6.9	4.2	6	6	4.7	4.5	5.4	6.7	5.2	6.1	7.2	4.7	4.3	5.9	7.6	4.9	4.8	3.5	4.8	4.9	3.1	1.9	4.8	5	2.8	3.3	4.6	5.1	3.8	4.4	5	4.5	3
2795.11_SAM_3TMS	0.8	1	1	0.5	1	0.6	0.7	0.4	0.8	0.8	0.8	0.8	1	1.1	0.4	0.5	0.7	0.7	0.5	1.3	0.9	0.7	1	0.7	0.8	1	1.1	0.8	0.5	0.8	0.9	0.6	0.5	1	1	0.7	1	5.7	5.1	6.4	4.2	2.9	4.1	4.4	3.5	3.7	7.8	7	5.6	4.2	6.2	5.1	4.9
2830.1_FatA_C24:0_1TMS	12.8	21.7	14.4	16.6	19	15.3	17.5	14.9	15.1	13.8	17.2	23	23.1	24.5	14.2	13.3	14.3	19.2	13.5	26.2	18.4	14.9	18.6	17.9	16	17.5	22.6	26	16.9	19.5	27.4	14.8	14.7	21.1	22.2	23.2	23	14.9	19	17.5	15.7	10.8	13	12.7	14.8	13.5	17.7	17.7	16.7	14.7	17.6	13	14.7
2879.39_MST_3023.3	34.2	59	37.5	36.9	60.2	36.7	38.5	36.9	40.9	28.6	37	50.6	57.8	56.9	25	31.3	42	38.9	25.3	55.7	44.2	32.7	46.3	49.8	32.8	61.8	46.6	44.1	41.1	39.7	56.5	34.8	32.1	57.2	48.8	52.7	47	37.5	29.5	35.4	38	19.4	31	35.2	30.1	34.2	44.1	29.1	34.7	32.9	39.2	35	35.8
2885.11_MST_2914.2	4.8	14.9	7.2	14.6	1.6	20.1	10.9	19.4	2.1	6.9	5.9	2.8	26.2	21.7	2.6	5.7	1.3	20.4	14.3	25.3	12.8	7.7	10.9	3.5	14.8	6.4	23.8	40.2	2.3	12	30.5	5.1	6.6	10.5	19	28.6	44	22.8	20.8	6.9	34.5	5.7	3.5	2.5	2.7	17.3	18.1	15.9	24.6	5.1	17.1	0	11.2
2927.93_MST_2955.7	43.9	69.2	39.2	56.8	64	37.4	44.1	40.8	39.2	33.6	34.3	54	41.5	51.6	30	33.7	49.8	34.8	28.7	42.5	45	33.8	39.4	33.8	29.4	43.1	36.8	41.4	37.8	42.3	44.2	27.7	32.4	39.5	39.2	43.3	37.5	59.9	54.8	56.7	59.2	36.9	53.9	51.7	56.6	45.1	64	49.8	46.1	62.5	68	46.2	47.1
PR_MST_2957.09	13.9	17	15.4	16.3	19.8	11	13.6	11.7	10.5	13.1	14.2	14.5	12	22.8	12.4	10.9	9.2	8.5	10.9	13.2	14.6	10.5	13.8	10.6	13.1	12.6	10.6	13.4	16.7	13	15.8	8.8	9.9	12.6	16.7	11.1	12.4	16.8	12.3	12.3	14.2	8.6	15.1	0	11	10.1	18	12.9	15	11.2	15	9.6	11.4
2978.9_Galactinol_9TMS	75.5	97.3	80.5	70.3	95.2	77.8	68.6	57.6	71	61.4	71	90.6	81.3	89	61.3	68.7	79.8	67.7	60.9	82.9	85.7	66.6	83.8	79.6	61	84.3	73.1	92.8	79	72.5	93.5	66	64.1	85.6	90.4	82.2	68.9	75.9	72.8	83.4	64.8	48.8	66	73.4	65.8	54.1	77.7	66.6	63.6	68.6	69.3	66.5	68.3
2998.01_MST_3023.3	800.2	925.4	704.6	689.4	1037.1	615.8	704.7	613.1	688.1	579.6	659.9	839.9	907.4	971.1	562.1	549.9	757.3	504.2	336.8	698.4	638.9	478.6	694.9	714.3	483.2	770.2	627.5	613.2	638.1	580.7	800.8	627.1	480.3	791.2	754.6	687.8	540.9	597.5	573.9	624.8	591.3	353.7	612.5	662.6	550.3	503.2	735.4	564.5	578.9	650.5	685.3	641.8	633
3029.23_MST_3057.4	122.2	158	124.3	130.3	192	99.9	136.2	100.8	139.9	121.2	133.7	169.4	194.6	187.9	120.9	116.6	139.6	98.4	54.2	133.7	97.9	91.4	139.3	134.1	96.6	138.7	119.5	114.4	130.3	105.4	140.9	87	91.5	133	131.2	138.2	122.5	100.8	139.2	139.8	109	80.4	124.8	95.7	102	116.3	161.4	128.5	131.8	127.8	148.6	135.2	140.2
3112.99_MST_3132.5	88.8	96.6	63.8	92.3	58.9	73.4	74.2	72.6	130.4	72.4	80	111.9	65.3	78.7	80.1	102.8	119	64.7	72.6	61.3	60.9	72.5	88.4	75.8	51	63.3	53.2	53.6	37.2	43.8	57.7	55.6	63.4	48.7	74.3	95.5	76.9	41.3	12.4	46.5	48.8	45.7	39.6	60.7	68.6	55.8	60	61.4	54.2	78.2	51.3	48.9	82.3
3147.11_sudiC6-C6	26.5	40.5	24.3	32.4	27	25.9	29.2	29.1	44.2	25	29.7	46.5	32	36.7	28.9	39.4	44.8	29.4	26.7	30.7	29.7	26.7	35.5	33	22.6	34.1	27.3	25	23.6	21	24.4	16.3	27.8	23.8	31.8	42.3	34.7	21.6	6.4	18.4	23.2	16.5	12.3	19.5	27.1	23.8	20.9	23	18.7	27.8	20.3	16.2	26.2
3156.81_sudiC6-C6	43.4	72.4	40.3	44.4	58.3	39.6	45.9	47.3	55.1	38.9	45.9	59.9	63.6	52.6	38.9	44.6	54.9	44	28.1	61.8	46.5	42.3	50.1	54.1	37.2	58	44.9	43.9	47.3	36.8	54.3	34.7	39.1	57.7	57.5	52.1	45.8	41.9	29.4	46.5	37.7	23.4	35.7	43.9	35.1	37.1	51.4	39.7	42.8	37.8	42.2	35	44
3185.64_Chol_1TMS	257.5	336.8	279.8	269	369.9	270.1	310	270.1	274.3	278.4	302.9	303.2	390.1	375.3	254.6	258.7	274.3	311.3	302.7	371.5	336.8	272.1	273.9	304.8	270.7	364.9	338.9	364	388.4	366.5	374	270.6	297.6	390.8	358.3	315.6	347.9	317.4	259.2	330.9	281.8	240.3	249.6	254.9	254.5	272.5	308.1	273.7	267	247.3	330.7	248.9	258.5
3293.83_Camp_1TMS	22	36.8	23.7	23	39	23.3	25.5	20.5	25.4	21.2	23	30	29.5	29.6	19.7	21.4	26.8	26.9	21.1	35.4	31.8	24.6	30.2	29	21.4	33.2	32	31	30.9	35.1	34.9	21.2	20.9	38.6	32.1	28.4	25.5	17.9	18.2	18.4	19.9	9.1	16.3	14.5	15	14.6	18.3	14.8	13.2	14.6	19.5	17.5	15.5
3319.2_Stigm_1TMS	28.1	100.8	36.9	41.1	56.4	50.6	2.5	35.3	54.1	33.5	39.6	58.8	46.1	48.2	41.8	34.1	45.9	43.7	50.8	60.1	54	42.5	50.6	38.8	36.8	58.6	39.8	55.4	46	68.6	47.3	22.1	42.2	62.8	53.3	48.3	29.2	56.1	35.2	55.2	39.5	20.4	35.7	36.1	33.8	22.4	42.4	26.4	44.7	4.4	26.7	27.1	33.3
3369.51_Raf_11TMS	60.4	92.1	38.4	47	53.8	45.6	53.4	35.8	15.9	56	59.3	52.7	53.1	0	56.5	63.8	52.1	35.4	42.8	52.1	74.4	45.2	55	51.8	47.1	38.8	50.4	56.7	48.7	32.9	57.3	45.1	43.9	41.5	65.6	56.4	48.9	56.2	42.1	39.1	25.1	30.7	43.3	71.3	51.2	39.9	68.2	65.3	47.1	55.8	55.7	40.1	45.9
3375.77_b-Sito_1TMS	128.1	172.9	133	126.5	186.9	131	137.7	113.2	126.2	117.2	131.6	163.7	171.4	177.1	123.5	114.4	136	128.6	104.1	174.7	165.8	125.2	166.9	148.3	121.6	162.2	154	175.2	160.5	177.6	191.1	128.1	115.2	191.5	180.5	150.7	138.3	132.4	129.9	142.4	124.3	84.5	130.2	125.2	105.3	107.4	154.7	127	130.2	122.2	148.5	126.6	125.6
